1.900000000000000000e+01
1.900000000000000000e+01
2.500000000000000000e+01
2.500000000000000000e+01
2.200000000000000000e+02
2.200000000000000000e+02
2.200000000000000000e+02
2.200000000000000000e+02
1.000000000000000000e+00
1.000000000000000000e+00
1.000000000000000000e+00
9.700000000000000000e+01
2.600000000000000000e+01
5.600000000000000000e+01
1.100000000000000000e+01
2.500000000000000000e+01
2.500000000000000000e+01
5.000000000000000000e+00
2.000000000000000000e+00
1.500000000000000000e+00
1.500000000000000000e+00
2.000000000000000000e+00
2.000000000000000000e+00
